<?xml version="1.0"?>
<opencv_storage>
<projection>Equidistance</projection>
<center>
  2.6854620803546095e+02 2.2654852822554031e+02</center>
<img_size>
  640 480</img_size>
<f>4.5047769692131203e+02</f>
<f0>480.</f0>
<a>
  6.7984618387434206e-02 1.6272168332513171e-01 3.4133035219783714e-01</a>
</opencv_storage>
