<?xml version="1.0"?>
<opencv_storage>
<projection>Stereographic</projection>
<center>
  1280. 720.</center>
<pixel_size>
  2.0175271390000002e-03 2.0175271390000002e-03</pixel_size>
<img_size>
  2560 1440</img_size>
<f>1.6799999999999999e+00</f>
<f0>832.</f0>
<a>
  1.3324294781136274e-37 3.1648653711839927e-40 2.2898484708950176e-45
  1.6362644686831258e-50 1.1480703034655223e-55</a>
</opencv_storage>
