<?xml version="1.0"?>
<opencv_storage>
<projection>Stereographic</projection>
<center>
  1.4439185455969443e+03 9.3011653598804412e+02</center>
<pixel_size>
  2.0709320586687289e-03 1.9829551476124563e-03</pixel_size>
<img_size>
  2560 1440</img_size>
<f>1.7000965860385948e+00</f>
<f0>832.</f0>
<a>
  6.7112500223997680e-03 4.6717352884546508e-08 2.2392674932058818e-13
  6.2950890936597490e-19 -3.0236626504126745e-24</a>
</opencv_storage>
