<?xml version="1.0"?>
<opencv_storage>
<projection>Equidistance</projection>
<center>
  1.2893158733518148e+03 7.2342962320588924e+02</center>
<pixel_size>
  4.6425639946159353e-03 4.6357886734172647e-03</pixel_size>
<img_size>
  2560 1440</img_size>
<f>4.3725813735608723e+00</f>
<f0>832.</f0>
<a>
  5.1546992592461484e+03 3.0492424522241363e-01 1.2872331294936191e-05
  4.8237038894028014e-10 1.7420947178466596e-14</a>
</opencv_storage>
