<?xml version="1.0"?>
<opencv_storage>
<projection>Equidistance</projection>
<center>
  1.3488773032349538e+03 7.2803292078802860e+02</center>
<pixel_size>
  2.0541977708967486e-03 1.9829351662288440e-03</pixel_size>
<img_size>
  2560 1440</img_size>
<f>1.6624697138661582e+00</f>
<f0>832.</f0>
<a>
  2.1731278894269882e-03 2.9584202677078745e-08 2.9347826065885290e-13
  2.4815633428031417e-18 1.9507825609548742e-23</a>
</opencv_storage>
