<?xml version="1.0"?>
<opencv_storage>
<projection>Equidistance</projection>
<center>
  1.2875833382606500e+03 7.2847093261940574e+02</center>
<img_size>
  2560 1440</img_size>
<f>5.7285722024922916e+02</f>
<f0>480.</f0>
<a>
  -1.1680848402071764e-01 2.8120439814860235e-02 -4.7531012548517500e-03
  4.1880837038051028e-04</a>
</opencv_storage>
