<?xml version="1.0"?>
<opencv_storage>
<Fisheye_Undistort_Map_mapxL type_id="opencv-matrix">
  <rows>0</rows>
  <cols>0</cols>
  <dt>u</dt>
  <data></data></Fisheye_Undistort_Map_mapxL>
<ImgSize>
  2560 1440</ImgSize>
<StereoCalib_K1 type_id="opencv-matrix">
  <rows>3</rows>
  <cols>3</cols>
  <dt>d</dt>
  <data>
    8.5599851107749873e+02 0. 1.2715633253304723e+03 0.
    8.5649525048878900e+02 7.2407215750076773e+02 0. 0. 1.</data></StereoCalib_K1>
<StereoCalib_D1 type_id="opencv-matrix">
  <rows>1</rows>
  <cols>5</cols>
  <dt>d</dt>
  <data>
    1.9454294844684344e-02 -2.9709993259195103e-02
    -1.9473198189951955e-04 -4.1151715083447725e-03
    1.0211640028179340e-02</data></StereoCalib_D1>
<StereoCalib_K2 type_id="opencv-matrix">
  <rows>3</rows>
  <cols>3</cols>
  <dt>d</dt>
  <data>
    8.5521349873962288e+02 0. 1.2777251257512764e+03 0.
    8.5541271347365910e+02 7.2637097026615038e+02 0. 0. 1.</data></StereoCalib_K2>
<StereoCalib_D2 type_id="opencv-matrix">
  <rows>1</rows>
  <cols>5</cols>
  <dt>d</dt>
  <data>
    2.5498736393441284e-05 -7.1062871838104935e-04
    1.1804782856371071e-03 -8.9128498285085539e-04
    4.0688959407061997e-04</data></StereoCalib_D2>
<StereoCalib_R type_id="opencv-matrix">
  <rows>3</rows>
  <cols>3</cols>
  <dt>d</dt>
  <data>
    9.9908721611001827e-01 -3.0855278775678971e-03
    -4.2605329751691887e-02 1.2028658969219386e-03
    9.9902447482668577e-01 -4.4143536456640334e-02
    4.2699973292353158e-02 4.4051994449530466e-02 9.9811629285662451e-01</data></StereoCalib_R>
<StereoCalib_T type_id="opencv-matrix">
  <rows>3</rows>
  <cols>1</cols>
  <dt>d</dt>
  <data>
    -1.5256478101123145e+02 -2.2264783626424474e+00
    -3.8513449767540675e+00</data></StereoCalib_T>
</opencv_storage>
